0.0  0.0  0.0   0.0   0.0    0.0
0.1  0.1  0.1   5.0  -3.0    2.0
0.2  0.2  0.15  10.0 -6.0    5.0
0.3  0.3  0.22  15.0 -10.0   8.0
0.4  0.5  0.3   25.0 -15.0  12.0
0.5  0.7  0.4   40.0 -20.0  18.0
0.6  1.0  0.55  60.0 -30.0  25.0
0.8  1.4  0.7   80.0 -45.0  35.0
1.0  1.9  0.9   100.0 -60.0  50.0
1.2  2.5  1.2   120.0 -75.0  65.0
1.5  3.2  1.5   140.0 -85.0  80.0
1.8  4.0  1.9   160.0 -90.0  95.0
2.0  5.0  2.3   180.0 -80.0  110.0
2.2  6.2  2.8   200.0 -70.0  125.0
2.5  7.5  3.4   220.0 -60.0  140.0
2.8  9.0  4.0   240.0 -50.0  155.0
3.0  10.5 4.5   260.0 -40.0  170.0
3.2  12.1 5.0   280.0 -30.0  185.0
3.5  14.0 5.5   300.0 -20.0  200.0
